176
MN909968.1            0.0000000 0.9039910 1.0103734 0.9383336 0.9108087 0.9033839 0.7570135 0.8346540 0.9860256 0.9635324 0.9347302 0.9164083 0.9528260 0.8735159 1.0260899 0.8800422 1.0021355 0.8747302 0.9220234 0.7596482 0.9383336 0.9383336 0.9282256 0.9155950 1.0103734 0.9263762 0.9166289 0.9275456 0.9730377 0.8915556 0.8976928 0.9860256 0.8976928 0.8437064 0.9543753 0.9800601 0.8686802 0.9275456 0.9334343 0.9033839 0.9977082 0.9730377 0.9394525 0.9394525 0.9473456 0.9265905 0.9265905 0.9528260 1.0209428 0.8858843 0.7990922 0.8858843 0.8546818 0.8322473 0.8788647 0.9979374 0.8788647 0.9097461 0.9562183 0.9704664 0.9055208 0.9635324 0.8927906 0.9704664 0.9295403 0.9029848 0.9263762 0.9182786 0.9618821 0.9543753 0.9275456 0.8670318 0.9295403 0.8927906 0.9618821 0.8813901 0.9039910 0.9155950 0.9275456 0.9275456 0.9277629 0.8812294 0.9692951 0.9803369 0.9097461 0.9040225 0.8915556 0.8527411 0.8813901 0.9820853 0.8762202 0.8660787 0.8938633 0.8977414 0.8546818 0.9433455 0.8938633 0.9472222 0.9417504 0.9777526 0.9777526 0.9029848 0.9224596 0.9037701 0.9037701 0.9583529 0.7743745 0.7743745 0.7586541 0.9664730 1.0221243 0.7570135 0.9112576 0.9433455 0.8747302 1.0583636 1.0583636 1.0633176 1.0021355 0.9383336 0.8705372 0.8627558 0.7503030 0.9192646 0.9834819 0.8546818 0.9979374 0.8976928 0.9167422 0.9284593 0.9237713 1.0084907 0.9700215 0.9643049 1.0535727 1.0260899 1.0208021 0.8738263 0.8975228 0.9167422 0.9391975 0.9820853 1.0535727 0.9820853 0.8705372 0.8970234 0.8987151 0.8987151 0.9476058 0.9703283 0.9224596 1.0235923 0.9643049 0.8687698 1.0890769 0.9292545 0.9932798 0.9761924 1.0597505 0.9700215 0.9703283 0.9528260 1.0235923 0.9405843 0.9394525 0.9292545 0.8628456 0.9213773 0.9703995 0.9213773 1.0159914 0.9834819 0.9457144 0.8627558 0.9472222 0.8648393 
NC_082791.1           0.9039910 0.0000000 0.0539019 0.0269677 0.0441693 0.0217642 0.0657868 0.0600137 0.0539572 0.0530196 0.0564300 0.0217900 0.0586760 0.0586005 0.0633107 0.0589564 0.0327907 0.0564286 0.0415935 0.1171470 0.0295970 0.0295970 0.0326987 0.0270557 0.0539019 0.0243144 0.0440164 0.0407273 0.0563228 0.0022983 0.0295911 0.0539572 0.0295911 0.0919893 0.1060468 0.0512941 0.0975410 0.0217771 0.0324397 0.0217642 0.0507264 0.0563228 0.0296088 0.0296088 0.0501639 0.0296650 0.0296650 0.0618244 0.0329634 0.0438872 0.0780653 0.0438872 0.0970802 0.0773203 0.0633395 0.0537336 0.0633395 0.0142348 0.0726560 0.0379529 0.0554828 0.0530196 0.0500537 0.0379529 0.0442819 0.0609787 0.0243144 0.0566779 0.0694408 0.1060468 0.0217771 0.0865247 0.0442819 0.0500537 0.0694408 0.0872535 0.0000010 0.0270557 0.0243288 0.0407273 0.0297632 0.0597060 0.0500940 0.0696718 0.0217297 0.0192107 0.0022983 0.0907941 0.0872535 0.0749441 0.0931549 0.0915703 0.0912014 0.0986296 0.0936629 0.0509680 0.0912014 0.0742634 0.0876925 0.0684548 0.0684548 0.0641598 0.0559302 0.0117906 0.0117906 0.0586760 0.0669358 0.0669358 0.0662148 0.5983775 0.5822362 0.0657868 0.0684088 0.0509680 0.0564286 0.0576738 0.0576738 0.0608094 0.0327907 0.0269677 0.0770930 0.0562524 0.0690665 0.0324766 0.0596440 0.0936629 0.0507583 0.1009122 0.1176380 0.0307198 0.0306523 0.0682464 0.0477563 0.0660747 0.0728119 0.0633107 0.0664306 0.0958436 0.0882195 0.1219293 0.0895559 0.0715592 0.0728119 0.0715592 0.0770930 0.0673757 0.0751032 0.0751032 0.0641771 0.0733005 0.0559302 0.0476872 0.0660747 0.0708751 0.0671422 0.0660496 0.0602566 0.0700942 0.0523287 0.0477563 0.0733005 0.0586760 0.0476872 0.0594796 0.0269946 0.0660496 0.0676552 0.0296947 0.0325952 0.0296947 0.0357223 0.0596440 0.0635290 0.0562524 0.0711495 0.0804364 
PX119168.1            1.0103734 0.0539019 0.0000000 0.0508832 0.0336402 0.0507473 0.0399083 0.0337947 0.0302787 0.0363531 0.0143736 0.0449162 0.0331207 0.0535116 0.0396159 0.0665457 0.0394855 0.0307490 0.0194808 0.0920744 0.0539019 0.0539019 0.0221690 0.0391250 0.0000010 0.0477726 0.0305194 0.0478430 0.0362631 0.0507473 0.0538901 0.0302787 0.0538901 0.0861167 0.0979667 0.0313806 0.1027287 0.0333153 0.0450331 0.0507473 0.0117575 0.0362631 0.0418703 0.0418703 0.0307414 0.0540488 0.0540488 0.0415898 0.0277793 0.0304346 0.0660401 0.0304346 0.0663124 0.0462445 0.0195907 0.0093545 0.0195907 0.0418703 0.0595585 0.0389214 0.0388566 0.0363531 0.0335290 0.0389214 0.0337229 0.0430356 0.0477726 0.0396411 0.0565029 0.0979667 0.0333153 0.0568337 0.0337229 0.0335290 0.0565029 0.0572866 0.0539019 0.0391250 0.0360871 0.0478430 0.0421112 0.0484627 0.0335580 0.0566809 0.0447719 0.0418965 0.0570993 0.0787329 0.0572866 0.0477931 0.0801956 0.0794101 0.0552045 0.0672559 0.0631999 0.0275971 0.0552045 0.0536002 0.0662852 0.0418667 0.0418667 0.0460363 0.0449167 0.0390026 0.0390026 0.0331207 0.0405587 0.0405587 0.0401551 0.6653000 0.6471696 0.0399083 0.0533404 0.0275971 0.0307490 0.0119059 0.0119059 0.0143763 0.0394855 0.0508832 0.0718165 0.0306627 0.0428314 0.0574072 0.0575510 0.0631999 0.0022987 0.0949270 0.1212577 0.0435496 0.0434468 0.0467801 0.0396833 0.0453286 0.0454480 0.0396159 0.0425113 0.0879677 0.0806192 0.1257412 0.0817977 0.0447443 0.0454480 0.0447443 0.0718165 0.0490742 0.0586207 0.0586207 0.0390716 0.0329612 0.0449167 0.0282453 0.0453286 0.0558990 0.0451262 0.0220618 0.0358526 0.0302528 0.0439459 0.0396833 0.0329612 0.0331207 0.0282453 0.0168736 0.0390269 0.0220618 0.0527772 0.0420035 0.0385719 0.0420035 0.0305007 0.0575510 0.0650306 0.0306627 0.0506341 0.0751753 
NC_053985.1           0.9383336 0.0269677 0.0508832 0.0000000 0.0413156 0.0192293 0.0690665 0.0569293 0.0569764 0.0500629 0.0534128 0.0142081 0.0556767 0.0680887 0.0633107 0.0685192 0.0247710 0.0534119 0.0444440 0.1296482 0.0022931 0.0022931 0.0247035 0.0193313 0.0508832 0.0022970 0.0411742 0.0325159 0.0593269 0.0243144 0.0218076 0.0569764 0.0218076 0.1033028 0.1024284 0.0482813 0.1160394 0.0142644 0.0192934 0.0192293 0.0536998 0.0593269 0.0218205 0.0218205 0.0414891 0.0022974 0.0022974 0.0587865 0.0248954 0.0410550 0.0819633 0.0410550 0.1012200 0.0739949 0.0602088 0.0507264 0.0602088 0.0117906 0.0823873 0.0298320 0.0525286 0.0500629 0.0471291 0.0298320 0.0414193 0.0673323 0.0022970 0.0536446 0.0790817 0.1024284 0.0142644 0.0904784 0.0414193 0.0471291 0.0790817 0.0912490 0.0269677 0.0193313 0.0167336 0.0325159 0.0219295 0.0627621 0.0471674 0.0793525 0.0191994 0.0167082 0.0296591 0.1018923 0.0912490 0.0717501 0.1046417 0.1027790 0.0871503 0.1028658 0.0977488 0.0539572 0.0871503 0.0711054 0.0843963 0.0653284 0.0653284 0.0705805 0.0589087 0.0142265 0.0142265 0.0556767 0.0702784 0.0702784 0.0695170 0.6045011 0.5883093 0.0690665 0.0651315 0.0539572 0.0534119 0.0482308 0.0482308 0.0452844 0.0247710 0.0000010 0.0865299 0.0532471 0.0723797 0.0046412 0.0658196 0.0977488 0.0477828 0.1127608 0.1302043 0.0226236 0.0225750 0.0649946 0.0536982 0.0629367 0.0695885 0.0633107 0.0664306 0.0922887 0.0847577 0.1346659 0.0860262 0.0684063 0.0695885 0.0684063 0.0865299 0.0738629 0.0750539 0.0750539 0.0673510 0.0765355 0.0589087 0.0447534 0.0629367 0.0676114 0.0637713 0.0629136 0.0633488 0.0733005 0.0585552 0.0536982 0.0765355 0.0556767 0.0447534 0.0564300 0.0192897 0.0629136 0.0644241 0.0218814 0.0246282 0.0218814 0.0275592 0.0658196 0.0698680 0.0532471 0.0680193 0.0899357 
OR641519.1            0.9108087 0.0441693 0.0336402 0.0413156 0.0000000 0.0412125 0.0562363 0.0453610 0.0329224 0.0277091 0.0361628 0.0302250 0.0385099 0.0501553 0.0364825 0.0564163 0.0277514 0.0420657 0.0390599 0.1077551 0.0441693 0.0441693 0.0196722 0.0302065 0.0336402 0.0383994 0.0302372 0.0329358 0.0417630 0.0412125 0.0441601 0.0329224 0.0441601 0.0855888 0.0783541 0.0310811 0.1091721 0.0247498 0.0357704 0.0412125 0.0363379 0.0417630 0.0328307 0.0328307 0.0361554 0.0442819 0.0442819 0.0471283 0.0306288 0.0247089 0.0622203 0.0247089 0.0676896 0.0550256 0.0365804 0.0335441 0.0365804 0.0328307 0.0510735 0.0302126 0.0247187 0.0277091 0.0250232 0.0302126 0.0046360 0.0488017 0.0383994 0.0307401 0.0540701 0.0783541 0.0247498 0.0579688 0.0046360 0.0250232 0.0540701 0.0584413 0.0441693 0.0302065 0.0273784 0.0329358 0.0330079 0.0448941 0.0250451 0.0542406 0.0301358 0.0274692 0.0471668 0.0746731 0.0584413 0.0534788 0.0937533 0.0753046 0.0749994 0.0686780 0.0644980 0.0302189 0.0749994 0.0593511 0.0722312 0.0416763 0.0416763 0.0518538 0.0414879 0.0301175 0.0301175 0.0385099 0.0572054 0.0572054 0.0565994 0.6123368 0.5955988 0.0562363 0.0308424 0.0302189 0.0420657 0.0368849 0.0368849 0.0397852 0.0277514 0.0413156 0.0811517 0.0419409 0.0594188 0.0474072 0.0601639 0.0644980 0.0307810 0.0943018 0.1111683 0.0340951 0.0340181 0.0556367 0.0306137 0.0538974 0.0511765 0.0364825 0.0393196 0.1003891 0.0925720 0.1154317 0.0940099 0.0503683 0.0511765 0.0503683 0.0811517 0.0549421 0.0495322 0.0495322 0.0361553 0.0576104 0.0414879 0.0279837 0.0538974 0.0332998 0.0446310 0.0392156 0.0330147 0.0545504 0.0343741 0.0306137 0.0576104 0.0385099 0.0279837 0.0389946 0.0301358 0.0392156 0.0305611 0.0329291 0.0359485 0.0329291 0.0333961 0.0601639 0.0609222 0.0419409 0.0563458 0.0845659 
OP035291.1            0.9033839 0.0217642 0.0507473 0.0192293 0.0412125 0.0000000 0.0623159 0.0567729 0.0507997 0.0499321 0.0532699 0.0142432 0.0496730 0.0617805 0.0600137 0.0557907 0.0247151 0.0532689 0.0386522 0.1253235 0.0217642 0.0217642 0.0246479 0.0192897 0.0507473 0.0166886 0.0355210 0.0324397 0.0472991 0.0191881 0.0217601 0.0507997 0.0217601 0.0958205 0.0908971 0.0481530 0.1006719 0.0142348 0.0244615 0.0000010 0.0535550 0.0472991 0.0167403 0.0167403 0.0471092 0.0218118 0.0218118 0.0526973 0.0248389 0.0354211 0.0783405 0.0354211 0.0974327 0.0737727 0.0600405 0.0505914 0.0600405 0.0069790 0.0692397 0.0245162 0.0523910 0.0499321 0.0470077 0.0245162 0.0413156 0.0639337 0.0166886 0.0535002 0.0660686 0.0908971 0.0142348 0.0868301 0.0413156 0.0470077 0.0660686 0.0875643 0.0217642 0.0192897 0.0117906 0.0324397 0.0218814 0.0625864 0.0470458 0.0662852 0.0142054 0.0117735 0.0243781 0.0837269 0.0875643 0.0653103 0.0970459 0.0844345 0.0909106 0.0989951 0.0940005 0.0478523 0.0909106 0.0647384 0.0777086 0.0590445 0.0590445 0.0671357 0.0587486 0.0093565 0.0093565 0.0496730 0.0633945 0.0633945 0.0627185 0.5824111 0.5665328 0.0623159 0.0585588 0.0478523 0.0532689 0.0544231 0.0544231 0.0514013 0.0247151 0.0192293 0.0768596 0.0531052 0.0655472 0.0244880 0.0564300 0.0940005 0.0476575 0.1049355 0.1297266 0.0225722 0.0225239 0.0584665 0.0476313 0.0566394 0.0631007 0.0600137 0.0630914 0.1069632 0.0990371 0.1341667 0.1005959 0.0620589 0.0631007 0.0620589 0.0768596 0.0703718 0.0682272 0.0682272 0.0608211 0.0698442 0.0587486 0.0446382 0.0566394 0.0610531 0.0635788 0.0627369 0.0569999 0.0666807 0.0491480 0.0476313 0.0698442 0.0496730 0.0446382 0.0562768 0.0192483 0.0627369 0.0579411 0.0218335 0.0194282 0.0218335 0.0274956 0.0564300 0.0602180 0.0531052 0.0678277 0.0801900 
DQ678352.1            0.7570135 0.0657868 0.0399083 0.0690665 0.0562363 0.0623159 0.0000000 0.0521399 0.0341762 0.0661617 0.0463970 0.0559923 0.0653548 0.0618404 0.0638615 0.0687727 0.0565358 0.0561748 0.0254063 0.1129250 0.0724277 0.0724277 0.0426034 0.0526559 0.0399083 0.0655472 0.0527142 0.0656491 0.0628787 0.0623159 0.0724106 0.0341762 0.0724106 0.0879222 0.1019359 0.0646091 0.1026869 0.0494053 0.0591711 0.0623159 0.0368855 0.0628787 0.0589477 0.0589477 0.0629997 0.0726514 0.0726514 0.0653118 0.0492699 0.0493129 0.0715834 0.0493129 0.1012229 0.0822062 0.0458170 0.0340394 0.0458170 0.0526440 0.0859790 0.0556265 0.0687727 0.0661617 0.0580416 0.0556265 0.0563986 0.0641260 0.0655472 0.0704607 0.0824832 0.1019359 0.0494053 0.0900618 0.0563986 0.0580416 0.0824832 0.0908585 0.0657868 0.0526559 0.0524744 0.0656491 0.0559682 0.0592614 0.0628934 0.0827821 0.0557960 0.0526785 0.0693067 0.0888207 0.0908585 0.0726687 0.0890721 0.0896280 0.1007427 0.1029377 0.0976120 0.0255210 0.1007427 0.0792289 0.0939288 0.0693463 0.0693463 0.0675251 0.0553154 0.0495305 0.0495305 0.0589107 0.0000010 0.0000010 0.0000010 0.6678039 0.6490992 0.0000010 0.0880560 0.0255210 0.0561748 0.0374510 0.0374510 0.0404079 0.0565358 0.0690665 0.1014534 0.0559899 0.0022877 0.0728563 0.0839382 0.0976120 0.0369090 0.0970271 0.1350702 0.0580068 0.0578592 0.0797655 0.0637922 0.0770067 0.0740359 0.0638615 0.0671965 0.0816747 0.0816747 0.1397858 0.0828906 0.0726687 0.0740359 0.0726687 0.1014534 0.0709665 0.0855086 0.0855086 0.0435287 0.0632609 0.0553154 0.0603688 0.0770067 0.0906112 0.0772297 0.0494779 0.0400712 0.0600014 0.0695530 0.0637922 0.0632609 0.0653548 0.0603688 0.0494669 0.0557960 0.0494779 0.0869289 0.0558087 0.0550668 0.0558087 0.0523625 0.0839382 0.0851786 0.0559899 0.0758445 0.1053258 
DQ678311.1            0.8346540 0.0600137 0.0337947 0.0569293 0.0453610 0.0567729 0.0521399 0.0000000 0.0548507 0.0545156 0.0307553 0.0508217 0.0390116 0.0661343 0.0458795 0.0799638 0.0515838 0.0094767 0.0422336 0.1128727 0.0600137 0.0600137 0.0335231 0.0448976 0.0337947 0.0537326 0.0511386 0.0602584 0.0511781 0.0567729 0.0476573 0.0548507 0.0476573 0.1026624 0.0907590 0.0433299 0.1035126 0.0389220 0.0509579 0.0567729 0.0365073 0.0511781 0.0476872 0.0476872 0.0336051 0.0601819 0.0601819 0.0477730 0.0518978 0.0450616 0.0646718 0.0450616 0.0822102 0.0393524 0.0304096 0.0281545 0.0304096 0.0476872 0.0885412 0.0508006 0.0510012 0.0545156 0.0472806 0.0508006 0.0454806 0.0484307 0.0537326 0.0583258 0.0850628 0.0907590 0.0389220 0.0685043 0.0454806 0.0472806 0.0850628 0.0690824 0.0600137 0.0448976 0.0417560 0.0602584 0.0479691 0.0518038 0.0514888 0.0853694 0.0447815 0.0477171 0.0632966 0.0861889 0.0690824 0.0542420 0.0960919 0.0869431 0.0538555 0.0869874 0.0822102 0.0396499 0.0538555 0.0602201 0.0733594 0.0481035 0.0481035 0.0514549 0.0481476 0.0447534 0.0447534 0.0390116 0.0498807 0.0498807 0.0493710 0.6330687 0.6153960 0.0521399 0.0739864 0.0396499 0.0094767 0.0370593 0.0370593 0.0399773 0.0515838 0.0569293 0.0929649 0.0046708 0.0552188 0.0636449 0.0644191 0.0822102 0.0309191 0.1120305 0.1014821 0.0465596 0.0464489 0.0698919 0.0583850 0.0708729 0.0519085 0.0458795 0.0488729 0.1066532 0.0987583 0.1055334 0.1003065 0.0510738 0.0519085 0.0510738 0.0929649 0.0545143 0.0735719 0.0735719 0.0653091 0.0517575 0.0481476 0.0427698 0.0708729 0.0765098 0.0538361 0.0394023 0.0612872 0.0487414 0.0636354 0.0583850 0.0517575 0.0390116 0.0427698 0.0335371 0.0447815 0.0394023 0.0731260 0.0478427 0.0512408 0.0478427 0.0488721 0.0644191 0.0652616 0.0046708 0.0571592 0.0894687 
DQ678407.1            0.9860256 0.0539572 0.0302787 0.0569764 0.0329224 0.0507997 0.0341762 0.0548507 0.0000000 0.0479497 0.0361662 0.0449632 0.0474291 0.0599715 0.0456264 0.0538906 0.0453604 0.0513156 0.0195016 0.1155594 0.0600632 0.0600632 0.0328296 0.0449349 0.0302787 0.0537770 0.0360815 0.0538566 0.0512208 0.0507997 0.0600499 0.0000010 0.0600499 0.0862020 0.1054150 0.0460958 0.0988910 0.0389542 0.0510003 0.0507997 0.0275053 0.0512208 0.0477266 0.0477266 0.0513061 0.0602317 0.0602317 0.0564401 0.0388571 0.0359782 0.0871866 0.0359782 0.0762003 0.0689970 0.0363868 0.0248625 0.0363868 0.0419143 0.0596183 0.0446940 0.0504602 0.0479497 0.0449883 0.0446940 0.0385334 0.0587172 0.0537770 0.0515410 0.0626696 0.1054150 0.0389542 0.0663637 0.0385334 0.0449883 0.0626696 0.0669029 0.0539572 0.0449349 0.0417905 0.0538566 0.0480090 0.0542514 0.0450259 0.0628717 0.0448186 0.0419405 0.0571577 0.0933104 0.0669029 0.0631573 0.0873010 0.0941345 0.0854759 0.0773282 0.0729851 0.0168122 0.0854759 0.0692487 0.0827322 0.0568441 0.0568441 0.0619242 0.0505734 0.0390437 0.0390437 0.0474291 0.0347279 0.0347279 0.0343861 0.6755440 0.6572028 0.0341762 0.0582274 0.0168122 0.0513156 0.0252088 0.0252088 0.0279108 0.0453604 0.0569764 0.0860174 0.0511558 0.0370340 0.0603895 0.0670161 0.0729851 0.0275221 0.0950205 0.1375562 0.0496670 0.0495479 0.0657897 0.0455925 0.0636779 0.0608961 0.0456264 0.0485993 0.0880526 0.0806981 0.1422258 0.0818787 0.0598843 0.0608961 0.0598843 0.0860174 0.0651684 0.0716258 0.0716258 0.0070535 0.0514974 0.0505734 0.0425654 0.0636779 0.0607067 0.0616390 0.0449974 0.0046337 0.0485003 0.0501448 0.0455925 0.0514974 0.0474291 0.0425654 0.0389987 0.0448186 0.0449974 0.0576168 0.0478824 0.0442817 0.0478824 0.0417107 0.0670161 0.0749344 0.0511558 0.0661195 0.0895434 
DQ678344.1            0.9635324 0.0530196 0.0363531 0.0500629 0.0277091 0.0499321 0.0661617 0.0545156 0.0479497 0.0000000 0.0388733 0.0385573 0.0384154 0.0473680 0.0480670 0.0596158 0.0360599 0.0510107 0.0417993 0.0924663 0.0530196 0.0530196 0.0276095 0.0385336 0.0363531 0.0470168 0.0328640 0.0413669 0.0416578 0.0499321 0.0442912 0.0479497 0.0442912 0.0821561 0.0797411 0.0282335 0.1024106 0.0328306 0.0443279 0.0499321 0.0390642 0.0416578 0.0412296 0.0412296 0.0388654 0.0531610 0.0531610 0.0498915 0.0390973 0.0327727 0.0722887 0.0327727 0.0707040 0.0716092 0.0393273 0.0362481 0.0393273 0.0412296 0.0509375 0.0328373 0.0070636 0.0000010 0.0071095 0.0328373 0.0277738 0.0581817 0.0470168 0.0023214 0.0479507 0.0797411 0.0328306 0.0609108 0.0277738 0.0071095 0.0479507 0.0614082 0.0530196 0.0385336 0.0355539 0.0413669 0.0414622 0.0539248 0.0023017 0.0510634 0.0384388 0.0356764 0.0561474 0.0782607 0.0614082 0.0503584 0.0902089 0.0789282 0.0780882 0.0717455 0.0674933 0.0512320 0.0780882 0.0444138 0.0565239 0.0444194 0.0444194 0.0550846 0.0502785 0.0384152 0.0384152 0.0412046 0.0673247 0.0673247 0.0665948 0.6417750 0.6244262 0.0661617 0.0403077 0.0512320 0.0510107 0.0396584 0.0396584 0.0425837 0.0360599 0.0500629 0.0842514 0.0508531 0.0661617 0.0564437 0.0630721 0.0674933 0.0334624 0.0907238 0.1124788 0.0428526 0.0427534 0.0523692 0.0306995 0.0507462 0.0540336 0.0480670 0.0451058 0.0935745 0.0859040 0.1168090 0.0907460 0.0472998 0.0540336 0.0472998 0.0842514 0.0582193 0.0496915 0.0496915 0.0516921 0.0513500 0.0502785 0.0306349 0.0507462 0.0458151 0.0476037 0.0419671 0.0480967 0.0513500 0.0344753 0.0306995 0.0513500 0.0384154 0.0306349 0.0417282 0.0384388 0.0419671 0.0428611 0.0413583 0.0445607 0.0413583 0.0419721 0.0630721 0.0707028 0.0508531 0.0415667 0.0876828 
DQ678373.1            0.9347302 0.0564300 0.0143736 0.0534128 0.0361628 0.0532699 0.0463970 0.0307553 0.0361662 0.0388733 0.0000000 0.0474419 0.0356027 0.0501043 0.0421696 0.0690617 0.0420299 0.0277977 0.0249092 0.0694190 0.0564300 0.0564300 0.0277258 0.0416452 0.0143736 0.0502953 0.0302052 0.0503689 0.0332036 0.0532699 0.0504491 0.0361662 0.0504491 0.0886625 0.0932943 0.0339435 0.0980673 0.0358125 0.0475659 0.0532699 0.0168210 0.0332036 0.0443856 0.0443856 0.0277906 0.0565841 0.0565841 0.0440880 0.0392776 0.0248046 0.0686727 0.0248046 0.0605045 0.0488510 0.0143821 0.0143378 0.0143821 0.0443856 0.0632707 0.0414275 0.0357622 0.0388733 0.0360433 0.0414275 0.0362522 0.0309463 0.0502953 0.0421962 0.0601441 0.0932943 0.0358125 0.0511565 0.0362522 0.0360433 0.0601441 0.0515628 0.0564300 0.0416452 0.0385884 0.0503689 0.0446417 0.0450997 0.0360740 0.0603381 0.0472893 0.0444131 0.0532699 0.0812948 0.0515628 0.0503168 0.0897830 0.0819883 0.0577946 0.0613527 0.0574258 0.0279051 0.0577946 0.0561138 0.0622020 0.0386961 0.0386961 0.0337480 0.0416714 0.0415145 0.0415145 0.0356027 0.0440874 0.0440874 0.0436384 0.5991137 0.5824961 0.0463970 0.0497432 0.0279051 0.0277977 0.0170417 0.0170417 0.0196000 0.0420299 0.0534128 0.0810722 0.0277214 0.0494346 0.0599523 0.0601030 0.0574258 0.0118815 0.0974696 0.1158196 0.0431625 0.0430617 0.0524579 0.0422405 0.0538422 0.0421521 0.0421696 0.0450676 0.0963683 0.0886837 0.1201719 0.0900378 0.0472606 0.0421521 0.0472606 0.0810722 0.0365847 0.0624611 0.0624611 0.0453763 0.0168736 0.0416714 0.0307682 0.0538422 0.0522826 0.0478499 0.0070005 0.0419628 0.0143821 0.0465850 0.0422405 0.0168736 0.0356027 0.0307682 0.0022963 0.0415402 0.0070005 0.0492311 0.0445271 0.0447719 0.0445271 0.0364435 0.0601030 0.0676202 0.0277214 0.0531505 0.0777443 
DQ678372.1            0.9164083 0.0217900 0.0449162 0.0142081 0.0302250 0.0142432 0.0559923 0.0508217 0.0449632 0.0385573 0.0474419 0.0000000 0.0497342 0.0499556 0.0539808 0.0622388 0.0170089 0.0474417 0.0331384 0.1139125 0.0166762 0.0166762 0.0195092 0.0143166 0.0449162 0.0167082 0.0301260 0.0219688 0.0473580 0.0192107 0.0217858 0.0449632 0.0217858 0.0889191 0.0916372 0.0423317 0.1085973 0.0093916 0.0142896 0.0142432 0.0476874 0.0473580 0.0167600 0.0167600 0.0414361 0.0167114 0.0167114 0.0586997 0.0196565 0.0300436 0.0750555 0.0300436 0.0872141 0.0673791 0.0480196 0.0447814 0.0480196 0.0069871 0.0630493 0.0194078 0.0410203 0.0385573 0.0357549 0.0194078 0.0302962 0.0577446 0.0167082 0.0418430 0.0599374 0.0916372 0.0093916 0.0769051 0.0302962 0.0357549 0.0599374 0.0775478 0.0217900 0.0143166 0.0118043 0.0219688 0.0168412 0.0565594 0.0357851 0.0601299 0.0046319 0.0023032 0.0244071 0.0809904 0.0775478 0.0653918 0.0971737 0.0816777 0.0736954 0.0885712 0.0838610 0.0420742 0.0736954 0.0648185 0.0778051 0.0531289 0.0531289 0.0608834 0.0528717 0.0093674 0.0093674 0.0497342 0.0569523 0.0569523 0.0563521 0.5826682 0.5667862 0.0559923 0.0554740 0.0420742 0.0474417 0.0422869 0.0422869 0.0394104 0.0170089 0.0142081 0.0731883 0.0472991 0.0591575 0.0192953 0.0626001 0.0838610 0.0419054 0.0977529 0.1259393 0.0173680 0.0173313 0.0680888 0.0418866 0.0659280 0.0631807 0.0539808 0.0570014 0.0991654 0.0914780 0.1303419 0.0928749 0.0621362 0.0631807 0.0621362 0.0731883 0.0640571 0.0618458 0.0618458 0.0486125 0.0635870 0.0528717 0.0389624 0.0659280 0.0579785 0.0571011 0.0506894 0.0450991 0.0604804 0.0461735 0.0418866 0.0635870 0.0497342 0.0389624 0.0503895 0.0142869 0.0506894 0.0548958 0.0168055 0.0194514 0.0168055 0.0222544 0.0626001 0.0633886 0.0472991 0.0617939 0.0764639 
DQ678325.1            0.9528260 0.0586760 0.0331207 0.0556767 0.0385099 0.0496730 0.0653548 0.0390116 0.0474291 0.0384154 0.0356027 0.0497342 0.0000000 0.0646268 0.0144486 0.0780210 0.0443675 0.0358935 0.0413594 0.0977641 0.0586760 0.0586760 0.0328609 0.0439624 0.0331207 0.0525698 0.0325355 0.0526458 0.0273670 0.0555282 0.0527299 0.0474291 0.0527299 0.0955134 0.0918582 0.0278065 0.1003536 0.0381378 0.0498639 0.0496730 0.0357718 0.0273670 0.0410217 0.0410217 0.0327696 0.0588357 0.0588357 0.0117502 0.0446197 0.0380682 0.0820022 0.0380682 0.0730951 0.0545613 0.0416503 0.0330277 0.0416503 0.0466842 0.0596973 0.0381456 0.0436591 0.0384154 0.0383834 0.0381456 0.0386051 0.0484104 0.0525698 0.0416854 0.0566328 0.0918582 0.0381378 0.0633368 0.0386051 0.0383834 0.0566328 0.0638501 0.0586760 0.0439624 0.0353781 0.0526458 0.0469529 0.0356400 0.0356546 0.0629578 0.0438516 0.0467129 0.0618627 0.0806406 0.0638501 0.0167687 0.0967303 0.0813218 0.0701759 0.0808147 0.0763666 0.0506653 0.0701759 0.0270393 0.0379454 0.0168120 0.0168120 0.0514333 0.0325223 0.0438248 0.0438248 0.0046119 0.0664877 0.0664877 0.0657769 0.5821650 0.5665149 0.0653548 0.0521393 0.0506653 0.0358935 0.0363001 0.0363001 0.0391463 0.0443675 0.0556767 0.0834844 0.0357914 0.0620944 0.0621934 0.0328753 0.0763666 0.0303129 0.1045849 0.1312920 0.0485335 0.0484202 0.0517766 0.0388740 0.0501914 0.0195828 0.0144486 0.0169525 0.1073805 0.0994139 0.1358009 0.1009868 0.0142584 0.0195828 0.0142584 0.0834844 0.0544915 0.0587622 0.0587622 0.0571824 0.0506241 0.0325223 0.0248436 0.0501914 0.0546397 0.0407251 0.0442641 0.0534886 0.0536235 0.0430040 0.0388740 0.0506241 0.0000010 0.0248436 0.0383832 0.0438516 0.0442641 0.0516047 0.0468326 0.0443310 0.0468326 0.0475428 0.0328753 0.0390204 0.0357914 0.0296767 0.0868758 
DQ678389.1            0.8735159 0.0586005 0.0535116 0.0680887 0.0501553 0.0617805 0.0618404 0.0661343 0.0599715 0.0473680 0.0501043 0.0499556 0.0646268 0.0000000 0.0695094 0.0353936 0.0533458 0.0624235 0.0472893 0.0862357 0.0712220 0.0712220 0.0499635 0.0558133 0.0535116 0.0648044 0.0496968 0.0588325 0.0502982 0.0554591 0.0646246 0.0599715 0.0646246 0.0510916 0.1022201 0.0576456 0.0629369 0.0496454 0.0559983 0.0617805 0.0563234 0.0502982 0.0586241 0.0586241 0.0624142 0.0714266 0.0714266 0.0740657 0.0566998 0.0556984 0.0573634 0.0556984 0.0693207 0.0771845 0.0567261 0.0533461 0.0567261 0.0526985 0.0729929 0.0558253 0.0498464 0.0473680 0.0502683 0.0558253 0.0502875 0.0672220 0.0648044 0.0508968 0.0697605 0.1022201 0.0496454 0.0597671 0.0502875 0.0502683 0.0697605 0.0602445 0.0586005 0.0558133 0.0525387 0.0588325 0.0589802 0.0720696 0.0444872 0.0699938 0.0497947 0.0469185 0.0617805 0.0479020 0.0602445 0.0748187 0.0578146 0.0482778 0.0910273 0.0703154 0.0661884 0.0506042 0.0910273 0.0746011 0.0881040 0.0621768 0.0621768 0.0640571 0.0679833 0.0497640 0.0497640 0.0646268 0.0629009 0.0629009 0.0622374 0.5665066 0.5509025 0.0618404 0.0653951 0.0506042 0.0624235 0.0572426 0.0572426 0.0603476 0.0533458 0.0680887 0.0941049 0.0622248 0.0650404 0.0749998 0.0854495 0.0661884 0.0503977 0.0580577 0.1126898 0.0548198 0.0546895 0.0713644 0.0506562 0.0690888 0.0726898 0.0695094 0.0726811 0.0671264 0.0604273 0.1168794 0.0643908 0.0714424 0.0726898 0.0714424 0.0941049 0.0672652 0.0788221 0.0788221 0.0640743 0.0540043 0.0679833 0.0599468 0.0690888 0.0642789 0.0813313 0.0533813 0.0601642 0.0510120 0.0553594 0.0506562 0.0540043 0.0646268 0.0599468 0.0472062 0.0556640 0.0533813 0.0611319 0.0528706 0.0623869 0.0528706 0.0597671 0.0854495 0.0866323 0.0622248 0.0714710 0.0976029 
DQ678320.1            1.0260899 0.0633107 0.0396159 0.0633107 0.0364825 0.0600137 0.0638615 0.0458795 0.0456264 0.0480670 0.0421696 0.0539808 0.0144486 0.0695094 0.0000000 0.0769266 0.0514549 0.0425336 0.0452844 0.1203301 0.0664728 0.0664728 0.0392862 0.0509579 0.0396159 0.0600137 0.0360517 0.0601030 0.0419636 0.0600137 0.0664579 0.0456264 0.0664579 0.0920932 0.1057636 0.0340525 0.1144861 0.0447910 0.0571955 0.0600137 0.0423836 0.0419636 0.0538004 0.0538004 0.0391708 0.0666649 0.0666649 0.0169856 0.0517671 0.0418081 0.0953379 0.0418081 0.0785442 0.0590332 0.0486209 0.0394984 0.0486209 0.0507897 0.0709302 0.0506762 0.0475085 0.0480670 0.0450966 0.0506762 0.0423231 0.0515951 0.0600137 0.0516713 0.0741872 0.1057636 0.0447910 0.0683164 0.0423231 0.0450966 0.0741872 0.0688909 0.0633107 0.0509579 0.0476974 0.0601030 0.0541282 0.0422146 0.0451343 0.0744435 0.0478427 0.0508217 0.0666499 0.0900188 0.0688909 0.0222814 0.0932614 0.0908132 0.0823115 0.0867250 0.0819712 0.0489144 0.0823115 0.0330626 0.0445518 0.0223419 0.0223419 0.0546651 0.0388574 0.0478126 0.0478126 0.0095167 0.0649995 0.0649995 0.0642858 0.6296234 0.6121145 0.0638615 0.0630462 0.0489144 0.0425336 0.0430454 0.0430454 0.0460470 0.0514549 0.0633107 0.0929649 0.0424057 0.0671965 0.0702497 0.0384076 0.0819712 0.0366449 0.1010285 0.1530917 0.0560214 0.0558848 0.0594912 0.0486817 0.0575955 0.0253250 0.0000010 0.0022960 0.1265099 0.1177956 0.1580107 0.1198322 0.0196402 0.0253250 0.0196402 0.0929649 0.0577704 0.0808047 0.0808047 0.0555502 0.0612518 0.0388574 0.0308651 0.0575955 0.0655810 0.0480249 0.0513285 0.0518004 0.0581247 0.0533974 0.0486817 0.0612518 0.0144486 0.0308651 0.0450960 0.0508217 0.0513285 0.0623527 0.0539808 0.0575254 0.0539808 0.0548507 0.0384076 0.0447916 0.0424057 0.0303451 0.0965534 
DQ678391.1            0.8800422 0.0589564 0.0665457 0.0685192 0.0564163 0.0557907 0.0687727 0.0799638 0.0538906 0.0596158 0.0690617 0.0622388 0.0780210 0.0353936 0.0769266 0.0000000 0.0563688 0.0758991 0.0534798 0.1255197 0.0716772 0.0716772 0.0561960 0.0622001 0.0665457 0.0652082 0.0622660 0.0715313 0.0693452 0.0557907 0.0716613 0.0538906 0.0716613 0.0641503 0.1175521 0.0643131 0.0564762 0.0558253 0.0624122 0.0557907 0.0694692 0.0693452 0.0589802 0.0589802 0.0758907 0.0718848 0.0718848 0.0814399 0.0632234 0.0620666 0.0713046 0.0620666 0.0762176 0.0919303 0.0699938 0.0663272 0.0699938 0.0530111 0.0800395 0.0683821 0.0620936 0.0596158 0.0626557 0.0683821 0.0626768 0.0881947 0.0652082 0.0634861 0.0833402 0.1175521 0.0558253 0.0663785 0.0626768 0.0626557 0.0833402 0.0669179 0.0589564 0.0622001 0.0587960 0.0715313 0.0654736 0.0789903 0.0565949 0.0836324 0.0620280 0.0590169 0.0621613 0.0505718 0.0669179 0.0889205 0.0649099 0.0509681 0.1138086 0.0773461 0.0730017 0.0509069 0.1138086 0.0750847 0.0887019 0.0886948 0.0886948 0.0847928 0.0746973 0.0500555 0.0500555 0.0780210 0.0699728 0.0699728 0.0692190 0.5988842 0.5827358 0.0687727 0.0826859 0.0509069 0.0758991 0.0706787 0.0706787 0.0739664 0.0563688 0.0685192 0.1137618 0.0756436 0.0720663 0.0720747 0.0933792 0.0730017 0.0632140 0.0717628 0.1174028 0.0613972 0.0612483 0.0751784 0.0635480 0.0727523 0.0937349 0.0769266 0.0802085 0.0675645 0.0608094 0.1216805 0.0648100 0.0853264 0.0937349 0.0853264 0.1137618 0.0882518 0.0933495 0.0933495 0.0640888 0.0736610 0.0746973 0.0665848 0.0727523 0.0885781 0.0891455 0.0791979 0.0601775 0.0704365 0.0689452 0.0635480 0.0736610 0.0780210 0.0665848 0.0659447 0.0559983 0.0791979 0.0851598 0.0591786 0.0627764 0.0591786 0.0663785 0.0933792 0.0982522 0.0756436 0.0719298 0.1174741 
DQ678319.1            1.0021355 0.0327907 0.0394855 0.0247710 0.0277514 0.0247151 0.0565358 0.0515838 0.0453604 0.0360599 0.0420299 0.0170089 0.0443675 0.0533458 0.0514549 0.0563688 0.0000000 0.0481354 0.0392405 0.1114396 0.0274193 0.0274193 0.0197515 0.0144875 0.0394855 0.0221050 0.0303677 0.0195534 0.0477761 0.0300108 0.0274138 0.0453604 0.0274138 0.0934215 0.0891135 0.0368935 0.1098580 0.0094990 0.0196043 0.0247151 0.0422422 0.0477761 0.0169623 0.0169623 0.0420214 0.0274825 0.0274825 0.0532357 0.0146715 0.0302839 0.0724427 0.0302839 0.0846978 0.0684856 0.0454608 0.0393689 0.0454608 0.0169623 0.0667949 0.0170020 0.0385414 0.0360599 0.0332632 0.0170020 0.0278163 0.0551895 0.0221050 0.0393113 0.0636134 0.0891135 0.0094990 0.0743548 0.0278163 0.0332632 0.0636134 0.0749807 0.0327907 0.0144875 0.0119425 0.0195534 0.0170456 0.0510319 0.0332918 0.0638225 0.0169623 0.0144569 0.0356108 0.0779138 0.0749807 0.0598195 0.0982939 0.0785750 0.0856266 0.0860196 0.0813285 0.0424409 0.0856266 0.0593011 0.0721697 0.0506117 0.0506117 0.0583323 0.0474518 0.0194953 0.0194953 0.0443675 0.0575162 0.0575162 0.0569031 0.6251095 0.6080182 0.0565358 0.0528436 0.0424409 0.0481354 0.0428998 0.0428998 0.0399726 0.0000010 0.0247710 0.0884771 0.0479880 0.0597402 0.0303063 0.0667592 0.0813285 0.0365267 0.1025611 0.1204363 0.0175858 0.0175482 0.0622825 0.0422495 0.0603033 0.0575446 0.0514549 0.0544795 0.1010205 0.0931360 0.1247128 0.0945958 0.0566059 0.0575446 0.0566059 0.0884771 0.0615114 0.0592143 0.0592143 0.0520956 0.0642039 0.0474518 0.0336343 0.0603033 0.0553769 0.0511827 0.0481461 0.0484608 0.0610595 0.0434529 0.0422495 0.0642039 0.0443675 0.0336343 0.0449440 0.0144569 0.0481461 0.0522924 0.0170089 0.0196921 0.0170089 0.0172291 0.0667592 0.0676295 0.0479880 0.0562984 0.0919806 
DQ678315.1            0.8747302 0.0564286 0.0307490 0.0534119 0.0420657 0.0532689 0.0561748 0.0094767 0.0513156 0.0510107 0.0277977 0.0474417 0.0358935 0.0624235 0.0425336 0.0758991 0.0481354 0.0000000 0.0390194 0.1076369 0.0564286 0.0564286 0.0305081 0.0416456 0.0307490 0.0502947 0.0477305 0.0566539 0.0477666 0.0532689 0.0443582 0.0513156 0.0443582 0.0941600 0.0932845 0.0429360 0.0989433 0.0358134 0.0475657 0.0532689 0.0334138 0.0477666 0.0384940 0.0384940 0.0305808 0.0565827 0.0565827 0.0444629 0.0484201 0.0417945 0.0758262 0.0417945 0.0779742 0.0333163 0.0336332 0.0306627 0.0336332 0.0443857 0.0841846 0.0474222 0.0476056 0.0510107 0.0480097 0.0474222 0.0421736 0.0420303 0.0502947 0.0546893 0.0807878 0.0932845 0.0358134 0.0646024 0.0421736 0.0480097 0.0807878 0.0651381 0.0564286 0.0416456 0.0385891 0.0566539 0.0446418 0.0483361 0.0480494 0.0810722 0.0415406 0.0444133 0.0596293 0.0745934 0.0651381 0.0446234 0.0877851 0.0752236 0.0473377 0.0825688 0.0779742 0.0364672 0.0473377 0.0566182 0.0694431 0.0447630 0.0447630 0.0449441 0.0448042 0.0415149 0.0415149 0.0358935 0.0539027 0.0539027 0.0533364 0.5991988 0.5825672 0.0561748 0.0698319 0.0364672 0.0000010 0.0339078 0.0339078 0.0367610 0.0481354 0.0534119 0.0884617 0.0046297 0.0593538 0.0599503 0.0640028 0.0779742 0.0279419 0.1030274 0.0967137 0.0431628 0.0430620 0.0658948 0.0547449 0.0669673 0.0484304 0.0425336 0.0454614 0.0979812 0.0904207 0.1006517 0.0917799 0.0416372 0.0484304 0.0416372 0.0884617 0.0478917 0.0694467 0.0694467 0.0614758 0.0482921 0.0448042 0.0395029 0.0669673 0.0723453 0.0580282 0.0362447 0.0575959 0.0453419 0.0597571 0.0547449 0.0482921 0.0358935 0.0395029 0.0305207 0.0357264 0.0362447 0.0690415 0.0445272 0.0417644 0.0445272 0.0454609 0.0640028 0.0648331 0.0046297 0.0536230 0.0850464 
DQ678388.1            0.9220234 0.0415935 0.0194808 0.0444440 0.0390599 0.0386522 0.0254063 0.0422336 0.0195016 0.0417993 0.0249092 0.0331384 0.0413594 0.0472893 0.0452844 0.0534798 0.0392405 0.0390194 0.0000000 0.0945931 0.0473533 0.0473533 0.0272671 0.0331180 0.0194808 0.0414631 0.0303416 0.0475361 0.0389542 0.0386522 0.0473432 0.0195016 0.0473432 0.0749748 0.0964499 0.0398537 0.0836462 0.0331180 0.0387963 0.0386522 0.0219824 0.0389542 0.0416106 0.0416106 0.0390107 0.0474768 0.0474768 0.0500909 0.0330386 0.0302579 0.0686274 0.0302579 0.0755669 0.0615478 0.0305884 0.0194306 0.0305884 0.0303046 0.0591568 0.0386841 0.0442910 0.0417993 0.0389295 0.0386841 0.0391582 0.0457077 0.0414631 0.0452043 0.0561273 0.0964499 0.0331180 0.0658325 0.0391582 0.0389295 0.0561273 0.0663625 0.0415935 0.0331180 0.0358705 0.0475361 0.0359805 0.0478728 0.0389624 0.0563026 0.0330386 0.0303232 0.0445766 0.0781279 0.0663625 0.0565486 0.0758976 0.0787933 0.0708661 0.0766731 0.0723850 0.0169676 0.0708661 0.0624830 0.0755364 0.0504366 0.0504366 0.0487188 0.0443860 0.0276031 0.0276031 0.0413594 0.0258015 0.0258015 0.0255580 0.6506398 0.6331226 0.0254063 0.0593144 0.0169676 0.0390194 0.0222803 0.0222803 0.0249142 0.0392405 0.0444440 0.0708275 0.0389058 0.0281169 0.0475960 0.0537782 0.0723850 0.0169063 0.0831888 0.1235713 0.0371806 0.0370954 0.0588509 0.0394357 0.0569979 0.0542607 0.0452844 0.0482308 0.0836191 0.0764691 0.1280127 0.0775572 0.0533910 0.0542607 0.0533910 0.0708275 0.0517661 0.0645510 0.0645510 0.0276501 0.0391454 0.0443860 0.0365114 0.0569979 0.0618394 0.0545237 0.0331616 0.0247335 0.0363219 0.0436569 0.0394357 0.0391454 0.0413594 0.0365114 0.0275748 0.0387882 0.0331616 0.0586769 0.0358926 0.0383394 0.0358926 0.0358052 0.0537782 0.0609805 0.0389058 0.0594423 0.0741248 
DQ678382.1            0.7596482 0.1171470 0.0920744 0.1296482 0.1077551 0.1253235 0.1129250 0.1128727 0.1155594 0.0924663 0.0694190 0.1139125 0.0977641 0.0862357 0.1203301 0.1255197 0.1114396 0.1076369 0.0945931 0.0000000 0.1336254 0.1336254 0.1031082 0.1096548 0.0920744 0.1252415 0.1056343 0.1177212 0.0954578 0.1129144 0.1095546 0.1155594 0.1095546 0.1137721 0.1547176 0.1023152 0.1452550 0.1055116 0.1177212 0.1253235 0.0953415 0.0954578 0.1134344 0.1134344 0.0993488 0.1341203 0.1341203 0.1083109 0.1120274 0.0900466 0.0930264 0.0900466 0.1007739 0.1315091 0.0849055 0.0917246 0.0849055 0.1171946 0.1083379 0.1018764 0.0913698 0.0924663 0.0997858 0.1018764 0.1081397 0.1018523 0.1252415 0.0976792 0.1044758 0.1547176 0.1055116 0.0896929 0.1081397 0.0997858 0.1044758 0.0904813 0.1171470 0.1096548 0.1055116 0.1177212 0.1138658 0.1207475 0.0888520 0.1126138 0.1134344 0.1097000 0.1129144 0.1302604 0.0904813 0.1014190 0.1231030 0.1314812 0.1068107 0.1024679 0.0971892 0.1040840 0.1068107 0.1092270 0.1168375 0.1109752 0.1109752 0.0980704 0.1147870 0.1133594 0.1133594 0.1050874 0.1110898 0.1110898 0.1097520 0.4904188 0.4717089 0.1129250 0.1093616 0.1040840 0.1076369 0.0972928 0.0972928 0.1011082 0.1114396 0.1296482 0.1550817 0.1072112 0.1089872 0.1390571 0.1367374 0.0971892 0.0881402 0.1239884 0.1370757 0.1144206 0.1140921 0.1208412 0.0969799 0.1203303 0.1252349 0.1203301 0.1242524 0.1404374 0.1312908 0.1418653 0.1377227 0.1054943 0.1252349 0.1054943 0.1550817 0.1019229 0.1178636 0.1178636 0.1131321 0.0813166 0.1147870 0.1043820 0.1203303 0.1069967 0.1358488 0.0733023 0.1074706 0.0849055 0.1004129 0.0969799 0.0813166 0.0977641 0.1043820 0.0727991 0.1134344 0.0733023 0.1031241 0.1134629 0.1148658 0.1134629 0.1082119 0.1367374 0.1487640 0.1072112 0.1092270 0.1510487 
DQ678317.1_1          0.9383336 0.0295970 0.0539019 0.0022931 0.0441693 0.0217642 0.0724277 0.0600137 0.0600632 0.0530196 0.0564300 0.0166762 0.0586760 0.0712220 0.0664728 0.0716772 0.0274193 0.0564286 0.0473533 0.1336254 0.0000000 0.0000010 0.0273438 0.0218814 0.0539019 0.0046220 0.0440164 0.0352306 0.0623982 0.0269070 0.0243781 0.0600632 0.0243781 0.1069632 0.1060468 0.0512941 0.1197204 0.0167435 0.0218377 0.0217642 0.0567387 0.0623982 0.0243926 0.0243926 0.0443585 0.0046228 0.0046228 0.0618244 0.0275592 0.0438872 0.0854282 0.0438872 0.0977488 0.0773203 0.0633395 0.0537336 0.0633395 0.0142348 0.0857235 0.0325159 0.0554828 0.0530196 0.0500537 0.0325159 0.0442819 0.0705805 0.0046220 0.0566779 0.0823873 0.1060468 0.0167435 0.0939406 0.0442819 0.0500537 0.0823873 0.0947439 0.0295970 0.0218814 0.0192406 0.0352306 0.0245162 0.0658878 0.0500940 0.0826722 0.0217297 0.0192107 0.0323250 0.1054834 0.0947439 0.0749441 0.1083560 0.1064044 0.0905853 0.0993230 0.0943028 0.0570125 0.0905853 0.0742634 0.0876925 0.0684548 0.0684548 0.0738629 0.0619530 0.0166984 0.0166984 0.0586760 0.0737051 0.0737051 0.0729016 0.6108068 0.5945649 0.0724277 0.0684088 0.0570125 0.0564286 0.0512408 0.0512408 0.0482614 0.0274193 0.0022931 0.0899357 0.0562524 0.0757762 0.0070051 0.0689739 0.0943028 0.0507583 0.1165731 0.1342011 0.0252964 0.0252416 0.0682464 0.0567340 0.0660747 0.0728119 0.0664728 0.0696237 0.0958436 0.0882195 0.1387049 0.0895559 0.0715592 0.0728119 0.0715592 0.0899357 0.0771789 0.0784413 0.0784413 0.0706008 0.0798496 0.0619530 0.0476872 0.0660747 0.0708751 0.0671422 0.0660496 0.0665126 0.0765843 0.0617388 0.0567340 0.0798496 0.0586760 0.0476872 0.0594796 0.0218335 0.0660496 0.0676552 0.0244615 0.0272594 0.0244615 0.0302553 0.0689739 0.0731071 0.0562524 0.0711495 0.0933716 
DQ678317.1_2          0.9383336 0.0295970 0.0539019 0.0022931 0.0441693 0.0217642 0.0724277 0.0600137 0.0600632 0.0530196 0.0564300 0.0166762 0.0586760 0.0712220 0.0664728 0.0716772 0.0274193 0.0564286 0.0473533 0.1336254 0.0000010 0.0000000 0.0273438 0.0218814 0.0539019 0.0046220 0.0440164 0.0352306 0.0623982 0.0269070 0.0243781 0.0600632 0.0243781 0.1069632 0.1060468 0.0512941 0.1197204 0.0167435 0.0218377 0.0217642 0.0567387 0.0623982 0.0243926 0.0243926 0.0443585 0.0046228 0.0046228 0.0618244 0.0275592 0.0438872 0.0854282 0.0438872 0.0977488 0.0773203 0.0633395 0.0537336 0.0633395 0.0142348 0.0857235 0.0325159 0.0554828 0.0530196 0.0500537 0.0325159 0.0442819 0.0705805 0.0046220 0.0566779 0.0823873 0.1060468 0.0167435 0.0939406 0.0442819 0.0500537 0.0823873 0.0947439 0.0295970 0.0218814 0.0192406 0.0352306 0.0245162 0.0658878 0.0500940 0.0826722 0.0217297 0.0192107 0.0323250 0.1054834 0.0947439 0.0749441 0.1083560 0.1064044 0.0905853 0.0993230 0.0943028 0.0570125 0.0905853 0.0742634 0.0876925 0.0684548 0.0684548 0.0738629 0.0619530 0.0166984 0.0166984 0.0586760 0.0737051 0.0737051 0.0729016 0.6108068 0.5945649 0.0724277 0.0684088 0.0570125 0.0564286 0.0512408 0.0512408 0.0482614 0.0274193 0.0022931 0.0899357 0.0562524 0.0757762 0.0070051 0.0689739 0.0943028 0.0507583 0.1165731 0.1342011 0.0252964 0.0252416 0.0682464 0.0567340 0.0660747 0.0728119 0.0664728 0.0696237 0.0958436 0.0882195 0.1387049 0.0895559 0.0715592 0.0728119 0.0715592 0.0899357 0.0771789 0.0784413 0.0784413 0.0706008 0.0798496 0.0619530 0.0476872 0.0660747 0.0708751 0.0671422 0.0660496 0.0665126 0.0765843 0.0617388 0.0567340 0.0798496 0.0586760 0.0476872 0.0594796 0.0218335 0.0660496 0.0676552 0.0244615 0.0272594 0.0244615 0.0302553 0.0689739 0.0731071 0.0562524 0.0711495 0.0933716 
