20
LK022697.1 0.0000000 1.0855977 1.1441321 1.0621758 1.0335649 1.0697480 1.0429511 1.0428809 1.0370027 1.0507211 1.0503970 1.0299169 0.9774856 0.9987551 0.9989712 0.9781570 1.0135772 1.0265109 1.0439597 1.0404648 
DQ678335.1 1.0855977 0.0000000 0.0445003 0.0417808 0.0461662 0.0417689 0.0575915 0.0610146 0.0460493 0.0494926 0.0528532 0.0430935 0.0500093 0.0607805 0.0485249 0.0453166 0.0561244 0.0592179 0.0430095 0.0461463 
JQ354352.1 1.1441321 0.0445003 0.0000000 0.0431724 0.0541715 0.0399521 0.0529145 0.0563840 0.0412708 0.0447143 0.0513183 0.0413165 0.0514225 0.0596687 0.0572739 0.0535824 0.0514114 0.0545696 0.0443101 0.0477247 
OR641519.1 1.0621758 0.0417808 0.0431724 0.0000000 0.0416277 0.0300351 0.0402777 0.0433820 0.0327215 0.0358462 0.0358943 0.0298505 0.0454492 0.0393110 0.0343550 0.0377356 0.0479194 0.0481145 0.0445990 0.0477695 
FJ501257.1 1.0335649 0.0461662 0.0541715 0.0416277 0.0000000 0.0175128 0.0384730 0.0415186 0.0227209 0.0284059 0.0341619 0.0310062 0.0513041 0.0520925 0.0465814 0.0466118 0.0591014 0.0589785 0.0553677 0.0621397 
DQ678319.1 1.0697480 0.0417689 0.0399521 0.0300351 0.0175128 0.0000000 0.0257285 0.0285641 0.0135701 0.0189154 0.0230082 0.0188079 0.0486897 0.0542770 0.0439709 0.0439983 0.0544637 0.0481007 0.0477559 0.0542902 
DQ678333.1 1.0429511 0.0575915 0.0529145 0.0402777 0.0384730 0.0257285 0.0000000 0.0023746 0.0161491 0.0188790 0.0109573 0.0109946 0.0583434 0.0626563 0.0502291 0.0501078 0.0595277 0.0610208 0.0541643 0.0607477 
DQ678318.1 1.0428809 0.0610146 0.0563840 0.0433820 0.0415186 0.0285641 0.0023746 0.0000000 0.0187979 0.0188765 0.0109559 0.0135537 0.0618340 0.0662914 0.0535686 0.0534372 0.0630052 0.0645158 0.0575141 0.0642207 
DQ678337.1 1.0370027 0.0460493 0.0412708 0.0327215 0.0227209 0.0135701 0.0161491 0.0187979 0.0000000 0.0048124 0.0148661 0.0096991 0.0498372 0.0539800 0.0452717 0.0483922 0.0525963 0.0524893 0.0459938 0.0522671 
DQ678332.1 1.0507211 0.0494926 0.0447143 0.0358462 0.0284059 0.0189154 0.0188790 0.0188765 0.0048124 0.0000000 0.0175712 0.0122770 0.0534341 0.0577607 0.0487618 0.0486444 0.0562281 0.0561115 0.0494329 0.0558670 
DQ678372.1 1.0503970 0.0528532 0.0513183 0.0358943 0.0341619 0.0230082 0.0109573 0.0109559 0.0148661 0.0175712 0.0000000 0.0097466 0.0567482 0.0543662 0.0455710 0.0454627 0.0628274 0.0594287 0.0557776 0.0591649 
GQ501098.1 1.0299169 0.0430935 0.0413165 0.0298505 0.0310062 0.0188079 0.0109946 0.0135537 0.0096991 0.0122770 0.0097466 0.0000000 0.0498964 0.0506592 0.0391481 0.0390578 0.0509459 0.0492924 0.0429159 0.0490875 
DQ678311.1 0.9774856 0.0500093 0.0514225 0.0454492 0.0513041 0.0486897 0.0583434 0.0618340 0.0498372 0.0534341 0.0567482 0.0498964 0.0000000 0.0505657 0.0330373 0.0359482 0.0670461 0.0620848 0.0548788 0.0584974 
KY570379.1 0.9987551 0.0607805 0.0596687 0.0393110 0.0520925 0.0542770 0.0626563 0.0662914 0.0539800 0.0577607 0.0543662 0.0506592 0.0505657 0.0000000 0.0215882 0.0244479 0.0642872 0.0643737 0.0602923 0.0674803 
KY570364.1 0.9989712 0.0485249 0.0572739 0.0343550 0.0465814 0.0439709 0.0502291 0.0535686 0.0452717 0.0487618 0.0455710 0.0391481 0.0330373 0.0215882 0.0000000 0.0174838 0.0652314 0.0619652 0.0547831 0.0650149 
DQ678388.1 0.9781570 0.0453166 0.0535824 0.0377356 0.0466118 0.0439983 0.0501078 0.0534372 0.0483922 0.0486444 0.0454627 0.0390578 0.0359482 0.0244479 0.0174838 0.0000000 0.0582403 0.0550674 0.0513178 0.0580513 
HM107304.1 1.0135772 0.0561244 0.0514114 0.0479194 0.0591014 0.0544637 0.0595277 0.0630052 0.0525963 0.0562281 0.0628274 0.0509459 0.0670461 0.0642872 0.0652314 0.0582403 0.0000000 0.0462865 0.0414871 0.0432157 
JQ354367.1 1.0265109 0.0592179 0.0545696 0.0481145 0.0589785 0.0481007 0.0610208 0.0645158 0.0524893 0.0561115 0.0594287 0.0492924 0.0620848 0.0643737 0.0619652 0.0550674 0.0462865 0.0000000 0.0227184 0.0255350 
DQ678326.1 1.0439597 0.0430095 0.0443101 0.0445990 0.0553677 0.0477559 0.0541643 0.0575141 0.0459938 0.0494329 0.0557776 0.0429159 0.0548788 0.0602923 0.0547831 0.0513178 0.0414871 0.0227184 0.0000000 0.0173397 
FJ501250.1 1.0404648 0.0461463 0.0477247 0.0477695 0.0621397 0.0542902 0.0607477 0.0642207 0.0522671 0.0558670 0.0591649 0.0490875 0.0584974 0.0674803 0.0650149 0.0580513 0.0432157 0.0255350 0.0173397 0.0000000 
